ac-01635: [0,4,12,4,1,5,3,3]
sac-01635: [0,4,12,4,1,5,3,3,16,15]
ac-08491: [7,4,12,12,3,1,5,5]
sac-08491: [7,4,12,12,3,1,5,5,16,15]
ac-01411: [8,8,6,5,1,2,0,8,3,7,9,6,3]
sac-01411: [8,8,6,5,1,2,0,8,3,7,9,6,3,16,15]
ac-04246: [7,4,12,12,12,12,1,12,12,12,11,4,2,0]
sac-04246: [7,4,12,12,12,12,1,12,12,12,11,4,2,0,16,15]
ac-04705: [5,12,12,12,12,12,0,12,12,12,5,2,1,0]
sac-04705: [5,12,12,12,12,12,0,12,12,12,5,2,1,0,16,15]
ac-00742: [8,5,12,10,13,10,12,11,9,12,2,10,8,0,3]
sac-00742: [8,5,12,10,13,10,12,11,9,12,2,10,8,0,3,16,15]
ac-06225: [6,12,2,0,4,9,2,6,6,11,3,6,3,6,5,10,2,4,4,4,1]
sac-06225: [6,12,2,0,4,9,2,6,6,11,3,6,3,6,5,10,2,4,4,4,1,16,15]
ac-06500: [6,4,9,7,5,6,8,7,3,8,6,1,4,1,8,4,2,2,2,2,0]
sac-06500: [6,4,9,7,5,6,8,7,3,8,6,1,4,1,8,4,2,2,2,2,0,16,15]
ac-01586: [0,2,0,4,6,3,8,8,8,8,8,7,9,7,2,0,4,1,3,3,3,3,7,2]
sac-01586: [0,2,0,4,6,3,8,8,8,8,8,7,9,7,2,0,4,1,3,3,3,3,7,2,16,15]
ac-00977: [7,4,6,3,8,8,8,8,2,0,4,7,8,8,6,2,7,8,8,6,2,0,4,7,9,5,12,12,12,8,3,8,8,6,5,12,12,10,2,2,5,3]
sac-00977: [7,4,6,3,8,8,8,8,2,0,4,7,8,8,6,2,7,8,8,6,2,0,4,7,9,5,12,12,12,8,3,8,8,6,5,12,12,10,2,2,5,3,16,15]
ac-03576: [7,4,0,6,2,7,9,9,9,12,3,8,2,0,4,12,12,9,2,0,4,7,8,8,6,2,7,8,8,6,2,0,4,7,9,5,12,12,12,8,3,8,8,6,5,12,12,10,2,2,5,3]
sac-03576: [7,4,0,6,2,7,9,9,9,12,3,8,2,0,4,12,12,9,2,0,4,7,8,8,6,2,7,8,8,6,2,0,4,7,9,5,12,12,12,8,3,8,8,6,5,12,12,10,2,2,5,3,16,15]
